0.000000 1.000000 1.000000
0.010000 1.010000 0.991585
0.020000 1.019916 0.983117
0.030000 1.029747 0.974596
0.040000 1.039493 0.966025
0.050000 1.049153 0.957403
0.060000 1.058727 0.948733
0.070000 1.068215 0.940016
0.080000 1.077615 0.931252
0.090000 1.086927 0.922444
0.100000 1.096152 0.913592
0.110000 1.105288 0.904698
0.120000 1.114335 0.895762
0.130000 1.123292 0.886785
0.140000 1.132160 0.877770
0.150000 1.140938 0.868717
0.160000 1.149625 0.859627
0.170000 1.158221 0.850500
0.180000 1.166726 0.841340
0.190000 1.175140 0.832145
0.200000 1.183461 0.822917
0.210000 1.191690 0.813658
0.220000 1.199827 0.804368
0.230000 1.207871 0.795049
0.240000 1.215821 0.785700
0.250000 1.223678 0.776323
0.260000 1.231441 0.766920
0.270000 1.239110 0.757490
0.280000 1.246685 0.748035
0.290000 1.254166 0.738556
0.300000 1.261551 0.729053
0.310000 1.268842 0.719527
0.320000 1.276037 0.709980
0.330000 1.283137 0.700411
0.340000 1.290141 0.690822
0.350000 1.297049 0.681213
0.360000 1.303861 0.671585
0.370000 1.310577 0.661940
0.380000 1.317197 0.652276
0.390000 1.323719 0.642596
0.400000 1.330145 0.632900
0.410000 1.336474 0.623188
0.420000 1.342706 0.613461
0.430000 1.348841 0.603720
0.440000 1.354878 0.593966
0.450000 1.360818 0.584198
0.460000 1.366660 0.574417
0.470000 1.372404 0.564625
0.480000 1.378050 0.554821
0.490000 1.383598 0.545006
0.500000 1.389048 0.535181
0.510000 1.394400 0.525346
0.520000 1.399654 0.515501
0.530000 1.404809 0.505647
0.540000 1.409865 0.495785
0.550000 1.414823 0.485914
0.560000 1.419682 0.476035
0.570000 1.424442 0.466149
0.580000 1.429104 0.456256
0.590000 1.433666 0.446356
0.600000 1.438130 0.436450
0.610000 1.442494 0.426538
0.620000 1.446760 0.416620
0.630000 1.450926 0.406697
0.640000 1.454993 0.396769
0.650000 1.458961 0.386836
0.660000 1.462829 0.376898
0.670000 1.466598 0.366956
0.680000 1.470268 0.357011
0.690000 1.473838 0.347061
0.700000 1.477308 0.337108
0.710000 1.480679 0.327152
0.720000 1.483951 0.317192
0.730000 1.487123 0.307230
0.740000 1.490195 0.297265
0.750000 1.493168 0.287297
0.760000 1.496041 0.277328
0.770000 1.498814 0.267356
0.780000 1.501488 0.257381
0.790000 1.504061 0.247405
0.800000 1.506535 0.237428
0.810000 1.508910 0.227448
0.820000 1.511184 0.217467
0.830000 1.513359 0.207485
0.840000 1.515434 0.197502
0.850000 1.517409 0.187517
0.860000 1.519284 0.177531
0.870000 1.521059 0.167545
0.880000 1.522735 0.157557
0.890000 1.524310 0.147568
0.900000 1.525786 0.137579
0.910000 1.527162 0.127589
0.920000 1.528438 0.117599
0.930000 1.529614 0.107608
0.940000 1.530690 0.097616
0.950000 1.531666 0.087624
0.960000 1.532542 0.077632
0.970000 1.533318 0.067639
0.980000 1.533995 0.057646
0.990000 1.534571 0.047653
1.000000 1.535048 0.037660
1.010000 1.535424 0.027666
1.020000 1.535701 0.017672
1.030000 1.535878 0.007679
1.040000 1.535955 -0.002315
1.050000 1.535931 -0.012309
1.060000 1.535808 -0.022303
1.070000 1.535585 -0.032297
1.080000 1.535262 -0.042291
1.090000 1.534839 -0.052285
1.100000 1.534317 -0.062278
1.110000 1.533694 -0.072271
1.120000 1.532971 -0.082265
1.130000 1.532148 -0.092257
1.140000 1.531226 -0.102250
1.150000 1.530203 -0.112242
1.160000 1.529081 -0.122234
1.170000 1.527859 -0.132225
1.180000 1.526536 -0.142216
1.190000 1.525114 -0.152206
1.200000 1.523592 -0.162196
1.210000 1.521970 -0.172185
1.220000 1.520248 -0.182173
1.230000 1.518427 -0.192160
1.240000 1.516505 -0.202146
1.250000 1.514484 -0.212131
1.260000 1.512362 -0.222116
1.270000 1.510141 -0.232099
1.280000 1.507820 -0.242080
1.290000 1.505399 -0.252060
1.300000 1.502879 -0.262039
1.310000 1.500258 -0.272016
1.320000 1.497538 -0.281991
1.330000 1.494718 -0.291964
1.340000 1.491799 -0.301935
1.350000 1.488779 -0.311904
1.360000 1.485660 -0.321870
1.370000 1.482442 -0.331834
1.380000 1.479123 -0.341795
1.390000 1.475705 -0.351753
1.400000 1.472188 -0.361708
1.410000 1.468571 -0.371660
1.420000 1.464854 -0.381607
1.430000 1.461038 -0.391551
1.440000 1.457122 -0.401491
1.450000 1.453108 -0.411427
1.460000 1.448993 -0.421357
1.470000 1.444780 -0.431283
1.480000 1.440467 -0.441204
1.490000 1.436055 -0.451119
1.500000 1.431544 -0.461029
1.510000 1.426933 -0.470932
1.520000 1.422224 -0.480828
1.530000 1.417416 -0.490718
1.540000 1.412509 -0.500601
1.550000 1.407503 -0.510476
1.560000 1.402398 -0.520343
1.570000 1.397194 -0.530201
1.580000 1.391892 -0.540051
1.590000 1.386492 -0.549891
1.600000 1.380993 -0.559722
1.610000 1.375396 -0.569543
1.620000 1.369700 -0.579352
1.630000 1.363907 -0.589151
1.640000 1.358015 -0.598937
1.650000 1.352026 -0.608712
1.660000 1.345939 -0.618474
1.670000 1.339754 -0.628222
1.680000 1.333472 -0.637956
1.690000 1.327092 -0.647676
1.700000 1.320615 -0.657380
1.710000 1.314042 -0.667069
1.720000 1.307371 -0.676741
1.730000 1.300604 -0.686396
1.740000 1.293740 -0.696033
1.750000 1.286779 -0.705652
1.760000 1.279723 -0.715251
1.770000 1.272570 -0.724831
1.780000 1.265322 -0.734389
1.790000 1.257978 -0.743926
1.800000 1.250539 -0.753441
1.810000 1.243004 -0.762933
1.820000 1.235375 -0.772400
1.830000 1.227651 -0.781843
1.840000 1.219833 -0.791260
1.850000 1.211920 -0.800650
1.860000 1.203913 -0.810013
1.870000 1.195813 -0.819348
1.880000 1.187620 -0.828653
1.890000 1.179333 -0.837928
1.900000 1.170954 -0.847171
1.910000 1.162482 -0.856382
1.920000 1.153919 -0.865560
1.930000 1.145263 -0.874704
1.940000 1.136516 -0.883812
1.950000 1.127678 -0.892884
1.960000 1.118749 -0.901918
1.970000 1.109730 -0.910914
1.980000 1.100621 -0.919869
1.990000 1.091422 -0.928784
2.000000 1.082134 -0.937657
2.010000 1.072758 -0.946487
2.020000 1.063293 -0.955272
2.030000 1.053740 -0.964012
2.040000 1.044100 -0.972704
2.050000 1.034373 -0.981349
2.060000 1.024559 -0.989945
2.070000 1.014660 -0.998489
2.080000 1.004675 -1.006982
2.090000 0.994605 -1.015422
2.100000 0.984451 -1.023808
2.110000 0.974213 -1.032137
2.120000 0.963891 -1.040410
2.130000 0.953487 -1.048624
2.140000 0.943001 -1.056779
2.150000 0.932433 -1.064872
2.160000 0.921785 -1.072902
2.170000 0.911056 -1.080869
2.180000 0.900247 -1.088771
2.190000 0.889359 -1.096606
2.200000 0.878393 -1.104372
2.210000 0.867349 -1.112069
2.220000 0.856229 -1.119696
2.230000 0.845032 -1.127249
2.240000 0.833759 -1.134729
2.250000 0.822412 -1.142134
2.260000 0.810991 -1.149462
2.270000 0.799496 -1.156712
2.280000 0.787929 -1.163882
2.290000 0.776290 -1.170971
2.300000 0.764580 -1.177977
2.310000 0.752801 -1.184899
2.320000 0.740952 -1.191736
2.330000 0.729034 -1.198486
2.340000 0.717049 -1.205147
2.350000 0.704998 -1.211719
2.360000 0.692881 -1.218199
2.370000 0.680699 -1.224587
2.380000 0.668453 -1.230880
2.390000 0.656144 -1.237078
2.400000 0.643773 -1.243179
2.410000 0.631341 -1.249181
2.420000 0.618850 -1.255083
2.430000 0.606299 -1.260884
2.440000 0.593690 -1.266582
2.450000 0.581024 -1.272177
2.460000 0.568302 -1.277666
2.470000 0.555526 -1.283048
2.480000 0.542695 -1.288321
2.490000 0.529812 -1.293486
2.500000 0.516877 -1.298540
2.510000 0.503892 -1.303481
2.520000 0.490857 -1.308310
2.530000 0.477774 -1.313023
2.540000 0.464644 -1.317622
2.550000 0.451467 -1.322103
2.560000 0.438246 -1.326465
2.570000 0.424982 -1.330709
2.580000 0.411675 -1.334832
2.590000 0.398326 -1.338833
2.600000 0.384938 -1.342712
2.610000 0.371511 -1.346467
2.620000 0.358046 -1.350097
2.630000 0.344545 -1.353602
2.640000 0.331009 -1.356980
2.650000 0.317439 -1.360230
2.660000 0.303837 -1.363351
2.670000 0.290204 -1.366343
2.680000 0.276540 -1.369204
2.690000 0.262848 -1.371935
2.700000 0.249129 -1.374533
2.710000 0.235383 -1.376998
2.720000 0.221613 -1.379331
2.730000 0.207820 -1.381529
2.740000 0.194005 -1.383592
2.750000 0.180169 -1.385520
2.760000 0.166314 -1.387312
2.770000 0.152441 -1.388967
2.780000 0.138551 -1.390486
2.790000 0.124646 -1.391867
2.800000 0.110727 -1.393110
2.810000 0.096796 -1.394215
2.820000 0.082854 -1.395182
2.830000 0.068902 -1.396009
2.840000 0.054942 -1.396698
2.850000 0.040975 -1.397247
2.860000 0.027003 -1.397656
2.870000 0.013026 -1.397926
2.880000 -0.000953 -1.398057
2.890000 -0.014934 -1.398047
2.900000 -0.028914 -1.397898
2.910000 -0.042893 -1.397609
2.920000 -0.056869 -1.397180
2.930000 -0.070841 -1.396612
2.940000 -0.084807 -1.395904
2.950000 -0.098766 -1.395057
2.960000 -0.112717 -1.394071
2.970000 -0.126657 -1.392946
2.980000 -0.140587 -1.391683
2.990000 -0.154504 -1.390281
3.000000 -0.168406 -1.388742
3.010000 -0.182294 -1.387066
3.020000 -0.196164 -1.385254
3.030000 -0.210017 -1.383304
3.040000 -0.223850 -1.381220
3.050000 -0.237662 -1.379000
3.060000 -0.251452 -1.376645
3.070000 -0.265219 -1.374157
3.080000 -0.278960 -1.371536
3.090000 -0.292676 -1.368783
3.100000 -0.306363 -1.365897
3.110000 -0.320022 -1.362882
3.120000 -0.333651 -1.359736
3.130000 -0.347249 -1.356461
3.140000 -0.360813 -1.353058
3.150000 -0.374344 -1.349527
3.160000 -0.387839 -1.345871
3.170000 -0.401298 -1.342089
3.180000 -0.414719 -1.338183
3.190000 -0.428100 -1.334153
3.200000 -0.441442 -1.330002
3.210000 -0.454742 -1.325729
3.220000 -0.467999 -1.321337
3.230000 -0.481213 -1.316826
3.240000 -0.494381 -1.312198
3.250000 -0.507503 -1.307453
3.260000 -0.520577 -1.302593
3.270000 -0.533603 -1.297619
3.280000 -0.546580 -1.292532
3.290000 -0.559505 -1.287335
3.300000 -0.572378 -1.282027
3.310000 -0.585199 -1.276611
3.320000 -0.597965 -1.271087
3.330000 -0.610676 -1.265458
3.340000 -0.623330 -1.259723
3.350000 -0.635927 -1.253886
3.360000 -0.648466 -1.247947
3.370000 -0.660946 -1.241907
3.380000 -0.673365 -1.235768
3.390000 -0.685722 -1.229532
3.400000 -0.698018 -1.223200
3.410000 -0.710250 -1.216773
3.420000 -0.722417 -1.210253
3.430000 -0.734520 -1.203641
3.440000 -0.746556 -1.196938
3.450000 -0.758526 -1.190147
3.460000 -0.770427 -1.183269
3.470000 -0.782260 -1.176304
3.480000 -0.794023 -1.169255
3.490000 -0.805716 -1.162124
3.500000 -0.817337 -1.154910
3.510000 -0.828886 -1.147617
3.520000 -0.840362 -1.140245
3.530000 -0.851764 -1.132796
3.540000 -0.863092 -1.125272
3.550000 -0.874345 -1.117673
3.560000 -0.885522 -1.110002
3.570000 -0.896622 -1.102260
3.580000 -0.907645 -1.094448
3.590000 -0.918589 -1.086567
3.600000 -0.929455 -1.078620
3.610000 -0.940241 -1.070607
3.620000 -0.950947 -1.062530
3.630000 -0.961572 -1.054390
3.640000 -0.972116 -1.046189
3.650000 -0.982578 -1.037928
3.660000 -0.992957 -1.029609
3.670000 -1.003253 -1.021232
3.680000 -1.013466 -1.012800
3.690000 -1.023594 -1.004313
3.700000 -1.033637 -0.995774
3.710000 -1.043595 -0.987182
3.720000 -1.053466 -0.978540
3.730000 -1.063252 -0.969848
3.740000 -1.072950 -0.961109
3.750000 -1.082561 -0.952323
3.760000 -1.092085 -0.943491
3.770000 -1.101520 -0.934615
3.780000 -1.110866 -0.925696
3.790000 -1.120123 -0.916736
3.800000 -1.129290 -0.907734
3.810000 -1.138367 -0.898693
3.820000 -1.147354 -0.889613
3.830000 -1.156250 -0.880497
3.840000 -1.165055 -0.871344
3.850000 -1.173769 -0.862156
3.860000 -1.182390 -0.852933
3.870000 -1.190920 -0.843678
3.880000 -1.199356 -0.834391
3.890000 -1.207700 -0.825073
3.900000 -1.215951 -0.815725
3.910000 -1.224108 -0.806348
3.920000 -1.232172 -0.796943
3.930000 -1.240141 -0.787511
3.940000 -1.248016 -0.778053
3.950000 -1.255797 -0.768569
3.960000 -1.263483 -0.759061
3.970000 -1.271073 -0.749530
3.980000 -1.278569 -0.739975
3.990000 -1.285968 -0.730399
4.000000 -1.293272 -0.720802
4.010000 -1.300480 -0.711185
4.020000 -1.307592 -0.701548
4.030000 -1.314608 -0.691892
4.040000 -1.321527 -0.682219
4.050000 -1.328349 -0.672528
4.060000 -1.335074 -0.662820
4.070000 -1.341702 -0.653097
4.080000 -1.348233 -0.643358
4.090000 -1.354667 -0.633605
4.100000 -1.361003 -0.623837
4.110000 -1.367241 -0.614057
4.120000 -1.373382 -0.604263
4.130000 -1.379424 -0.594457
4.140000 -1.385369 -0.584640
4.150000 -1.391215 -0.574811
4.160000 -1.396963 -0.564972
4.170000 -1.402613 -0.555123
4.180000 -1.408164 -0.545264
4.190000 -1.413617 -0.535396
4.200000 -1.418971 -0.525519
4.210000 -1.424226 -0.515634
4.220000 -1.429383 -0.505741
4.230000 -1.434440 -0.495841
4.240000 -1.439398 -0.485934
4.250000 -1.444258 -0.476020
4.260000 -1.449018 -0.466100
4.270000 -1.453679 -0.456174
4.280000 -1.458241 -0.446243
4.290000 -1.462703 -0.436306
4.300000 -1.467066 -0.426364
4.310000 -1.471330 -0.416418
4.320000 -1.475494 -0.406468
4.330000 -1.479559 -0.396513
4.340000 -1.483524 -0.386555
4.350000 -1.487389 -0.376593
4.360000 -1.491155 -0.366627
4.370000 -1.494822 -0.356659
4.380000 -1.498388 -0.346688
4.390000 -1.501855 -0.336714
4.400000 -1.505222 -0.326738
4.410000 -1.508490 -0.316759
4.420000 -1.511657 -0.306779
4.430000 -1.514725 -0.296796
4.440000 -1.517693 -0.286812
4.450000 -1.520561 -0.276826
4.460000 -1.523329 -0.266839
4.470000 -1.525998 -0.256850
4.480000 -1.528566 -0.246860
4.490000 -1.531035 -0.236869
4.500000 -1.533403 -0.226877
4.510000 -1.535672 -0.216884
4.520000 -1.537841 -0.206890
4.530000 -1.539910 -0.196895
4.540000 -1.541879 -0.186900
4.550000 -1.543748 -0.176904
4.560000 -1.545517 -0.166908
4.570000 -1.547186 -0.156911
4.580000 -1.548755 -0.146914
4.590000 -1.550224 -0.136916
4.600000 -1.551593 -0.126919
4.610000 -1.552863 -0.116920
4.620000 -1.554032 -0.106922
4.630000 -1.555101 -0.096923
4.640000 -1.556070 -0.086925
4.650000 -1.556940 -0.076926
4.660000 -1.557709 -0.066927
4.670000 -1.558378 -0.056928
4.680000 -1.558947 -0.046928
4.690000 -1.559417 -0.036929
4.700000 -1.559786 -0.026930
4.710000 -1.560055 -0.016930
4.720000 -1.560224 -0.006931
4.730000 -1.560294 0.003069
4.740000 -1.560263 0.013068
4.750000 -1.560132 0.023067
4.760000 -1.559902 0.033067
4.770000 -1.559571 0.043066
4.780000 -1.559140 0.053066
4.790000 -1.558610 0.063065
4.800000 -1.557979 0.073064
4.810000 -1.557248 0.083063
4.820000 -1.556418 0.093063
4.830000 -1.555487 0.103061
4.840000 -1.554457 0.113060
4.850000 -1.553326 0.123059
4.860000 -1.552095 0.133057
4.870000 -1.550765 0.143056
4.880000 -1.549334 0.153054
4.890000 -1.547804 0.163051
4.900000 -1.546173 0.173049
4.910000 -1.544443 0.183046
4.920000 -1.542612 0.193042
4.930000 -1.540682 0.203038
4.940000 -1.538651 0.213034
4.950000 -1.536521 0.223029
4.960000 -1.534291 0.233023
4.970000 -1.531961 0.243016
4.980000 -1.529530 0.253008
4.990000 -1.527000 0.263000
5.000000 -1.524370 0.272990
5.010000 -1.521640 0.282980